105982,0.567245810927498
162796,0.4880203246981548
710141,0.4706979159151073
229944,-0.45733012824574637
182204,0.4497157685878848
221030,-0.4392586905764691
106478,-0.43904574475274977
192905,0.43156474339119694
168498,0.4125883152340048
186433,0.39427359025286823
156497,-0.3903940430767052
185593,0.3836219480217927
180577,0.3804135828024541
187446,-0.3731339054090503
125981,0.3727780899382333
213145,-0.36182137991897656
222840,0.357355794245748
208243,0.35544498164218485
127723,0.35383048943368123
150701,-0.34941158850441983
107457,-0.33912879983155353
151002,-0.333790616411907
115418,-0.33165823724442045
216357,-0.3043029364677529
243149,-0.3026977800275534
196441,-0.29939078194480506
180804,0.2927220162201128
203708,0.2893684829631233
203664,0.28836748503802473
104116,0.2826973089289745
126367,0.26836075408667087
197251,0.2674795087771959
143181,0.2651181187959325
192006,-0.26337268686334175
228421,-0.2562733999120288
147346,-0.2530355486850705
211683,0.2524314620808369
210420,-0.25172006342750736
212389,0.25111934475931413
187590,0.2501916323754167
193304,-0.24958187041388663
155386,0.2413965595620334
194873,0.23730019451452447
137563,0.23461520835550967
134910,-0.22973012392735775
229520,0.22961160567451375
171339,0.22817048995604142
179146,0.22350834666122438
235219,-0.22044007355497064
157702,0.21613643188966197
229592,0.21505625024000863
175254,0.2075032704467844
143400,-0.20678246434493672
217706,-0.20220584442094022
122713,0.20168312370802147
205981,0.2009617888196531
133345,0.19722295580872226
116549,0.19715868954001856
179141,0.19093901420333176
135425,0.18694121042722364
145493,0.18547720581874863
105079,0.18534966080865656
210225,-0.18349559392641593
232462,0.1827787351013902
466085,0.18117822005665876
214987,0.17788254611081825
211734,-0.17556545117200786
135922,0.17432499352233957
181391,0.17332371454379591
161534,-0.17268655492758492
234980,-0.17181865990741324
104772,0.16913585007630805
149070,0.16864810625900953
196141,-0.1677095603973182
186443,-0.16651186210166827
218954,0.16363345307515895
108775,-0.16155255739230728
173605,0.1610875600849705
114948,0.16009982528256012
126008,-0.1596703511447933
158771,-0.1556437697261416
161271,0.15301875785377167
206528,0.15282319213023735
107385,0.15252407426536257
162741,-0.15247064705197952
138517,0.1520827593910443
220348,0.1512992857455709
178605,0.15059881887139198
217447,0.14906370015725248
211100,0.14810346574294364
124152,0.14752138795083186
167007,0.14666589486408974
166400,-0.14592381302146856
176291,-0.14397094318704368
135977,-0.14034350285173422
230842,0.13967765622132572
146768,0.13672621432549342
120440,0.13418611890554638
120173,0.13401148963157278
147295,0.13391369426684416
180037,-0.13361721877542854
221081,-0.13324820443422045
120734,-0.1332280682903126
176372,-0.13309943974674807
225147,-0.13148016579031335
200572,0.12674059475544125
153835,0.12401484256906808
149934,0.12338032974367001
142977,-0.12239044515053633
151867,-0.12202840225257415
176815,0.12195055850094871
213915,0.12133271285985833
230395,-0.12053595543074296
190338,0.12037678727279623
121620,0.11911476996535944
103382,0.11595749435704605
426464,-0.11565192894586633
175122,0.1156366874105757
176856,0.11526206126306994
214080,0.1141223875676311
172942,0.11384650493205056
197266,0.11293846381157101
102664,-0.11287285252559907
146556,-0.11210916739651362
108974,0.11187819009935153
113409,0.11126283562282538
172684,-0.11121713960555447
233207,-0.11074198529495677
233218,-0.11029632321095045
178227,-0.10886162855129854
102040,0.10685638949252535
213386,0.10672216120127748
613296,0.10562129850131323
176998,0.10190446598934158
120662,0.09950440554020813
177738,0.0992104722881622
209444,0.09837358224975602
162222,-0.09783818924083734
124957,0.09754996057061897
217271,-0.09754950176421953
111356,0.0973274279888981
193067,0.09698498253983923
106409,-0.09690999201496672
141912,0.09683302026613817
210037,-0.09661903126944968
125266,0.09658718905225383
136396,0.09627594586727554
206815,0.09618306793218863
188678,0.09586694091839082
153385,-0.09547687083608217
116147,-0.0952444161928248
128289,0.09482341285430254
131259,-0.09354214400290803
226803,0.09296264842514285
205609,-0.09265990622496324
141288,0.09155417167372301
219140,0.09026419956186786
129276,-0.08964565097616903
154456,-0.08951103852983092
211521,-0.08875970306367693
100430,0.0886814140552258
235451,0.08715408312206148
176992,-0.08694532885838213
195090,-0.08677220461008722
142757,-0.08662059477364695
201440,-0.08645633336715877
196303,0.08565593666566985
202139,0.08514985348997292
151695,0.0848549841260219
184495,-0.08253366065461887
235877,-0.08028889146796828
694146,-0.08027012456762014
101893,-0.07966839745858308
181922,0.07923370636445165
159978,-0.0789333824095633
114670,0.07859880280093115
707864,0.07840256897659494
135479,-0.07784805335699804
210281,0.07766332913825232
183441,0.07760531093299804
199360,-0.07753504715699593
236503,-0.077311851723674
208250,-0.07710205526100831
104059,-0.07662210012619351
230983,0.07630305274027094
172191,-0.07554474272847546
194700,-0.07460578614318325
185207,0.07442349705706382
155915,0.07423707518100967
150872,-0.07410405371055191
169187,0.07294311332051039
205244,0.07213936429714918
234266,0.07201405894691648
234758,0.0691787707348436
212006,0.06832948241931608
234339,-0.06819422446103252
210426,0.06808970927576319
158606,0.0680776745691089
207178,0.06621222528622792
182125,0.06613370195462678
198784,-0.06597542069017659
714879,0.0658505509970366
423075,0.06576614907613228
153454,-0.06496963322284788
169647,0.06488479920801815
207722,-0.06440463758335757
122854,0.06421861928224802
146019,0.06303048418587087
106201,0.06266062514425355
105376,0.06232917621126723
695191,0.06220274759451666
221101,0.06219727920495392
181160,-0.061992763830143204
142487,-0.0619135605673784
236001,0.061354421941319154
110074,0.06131451504164301
143169,0.06043968017883147
187081,-0.05964055603192148
156494,0.05768136789741472
157737,0.05764503029618913
203712,-0.05727464290538662
712587,-0.05672257531653643
102604,0.056172349499722274
136442,-0.05567563082992218
223965,0.055321480930277736
186996,0.054321295998278
179857,0.05381316736262817
201668,-0.053429335014597804
133759,0.052543303210612784
136898,0.0520782108327915
102133,-0.052054601191243714
216481,-0.05203425565982125
102559,0.051991644988147706
204015,0.05111769731978944
117528,-0.05032638686243175
220354,0.05016555522716175
101755,-0.05007654012146534
102706,-0.04954488167862462
140424,0.0488544968242459
131247,0.04883176194886348
104346,0.048592370805241786
200120,0.04854235288570825
164721,0.048322450689740525
174881,-0.04828334086119992
180333,-0.04826217894151276
101377,-0.048099621170264284
115178,0.047617750303800485
161035,-0.047205759277254046
207692,-0.04708542011058303
105686,0.04659663647401348
121320,0.04633533227483994
104220,-0.04607747845986424
208343,0.04563189455280504
117960,0.045462027764018
156493,-0.044970342306334996
226063,0.04417524288629139
183858,-0.04399254819488106
144379,0.043678649531098
195786,0.04354751389403274
208270,-0.043483202594031545
212069,-0.04294507544177756
240102,0.04171518497385938
114607,0.04161011379890314
131936,-0.04039949698523491
101958,0.040099885352517406
230429,-0.04008472936865025
148241,-0.039813784159018234
112482,0.0396940379985104
166173,0.03953643442648873
118653,0.038863588340266986
177184,0.03853325417006093
158974,-0.03841888926600723
119696,0.03801048994059527
180941,-0.037901608571339666
207211,0.03775828021857497
478754,0.03756071043711157
164529,-0.03607887215431213
230259,0.03578365404461702
232377,-0.035700683108401986
169230,0.03538831862270793
134602,-0.0337109666070486
186009,0.0336255470855152
109974,0.033564258758854895
154915,-0.033232267806371944
143946,-0.03304846631398016
144646,-0.0327447983457719
140786,0.0322597001862692
214739,0.03221029587941128
116964,0.031522728015397024
185037,0.031254326578982784
112021,-0.030418442920934877
180917,-0.02992656598924428
197327,-0.028991081594616226
196745,-0.028944802988501408
152585,-0.028823169587736168
207179,0.028788444768689872
157941,0.02873732010785706
150510,0.028141800971671543
187987,-0.02779211965050867
124803,-0.027665042629188133
199912,0.027333590250424034
136418,0.027176469396269446
136233,0.02679347998294772
153388,-0.02679248231924104
193419,-0.026742999241584228
205587,-0.02640197500743753
153090,0.026165292023397305
112240,-0.02609936800699611
222023,-0.02604684702284693
200516,0.025863398307975873
120701,0.025631822953050522
232665,0.025454547695773252
228616,-0.025342961027805325
474728,0.024739603487720755
115081,0.024526313378032495
159761,0.02362895694065384
174250,0.023530399957391715
236043,0.023360615042811745
169512,0.02331616265586699
458096,0.023279883210677664
171426,-0.02293567290072876
146482,-0.022849991119915692
234845,0.02261229966625063
179935,-0.022382098349964047
161595,-0.02153503629853012
306070,0.02145668870690682
185016,0.02141363191377841
186362,0.02130107347876829
158064,-0.020663178631502282
171791,-0.020505731367346965
214799,0.019630011345891794
145726,-0.018997839660174445
160171,-0.017232986401143624
210798,-0.01695460222855534
209438,-0.015644236659950635
164386,0.015436272771029493
225433,-0.015359764489268405
117044,-0.015064116417130059
206927,-0.014651892352407318
160712,0.01418901152570607
235017,0.014024059016102212
221860,0.013956214434526323
202279,-0.013739389004870218
202170,-0.013671492281281998
158257,0.012830793890241898
132033,-0.01280088683958315
216775,0.012652338850190643
542831,-0.012168964082924063
181176,0.011653257466556616
132553,0.01154608025051718
140410,-0.01125424605073943
114301,0.010564224077439231
208403,0.01027852497181885
141901,0.010074220208088222
198859,-0.009939663209521901
214501,0.009863102822745653
150896,0.009759526003674947
187600,-0.009665130953621707
202220,0.009647614870650648
167868,0.009613428507842511
206696,0.009562319056177906
217645,0.00895849399689562
220389,-0.00891746511502301
143546,-0.00879891756362839
218581,0.00849101861276047
112005,-0.008408526955959193
146893,-0.008070994982154155
180280,0.00802939821346782
194416,-0.007943299740308865
541734,0.007465709041716787
198428,0.006084424600413543
136826,-0.005576405722820484
108231,0.005317164132991997
227694,0.00509330838602296
135492,0.004498430529341395
158926,0.004441061247394281
197857,0.003716200621703372
159208,-0.003706001588228057
232187,0.0032384627800383366
166395,0.003157410153455516
149808,-0.003087657811849497
236559,-0.003039864298686454
225844,0.002980038874298488
154230,-0.0020758606302665027
130052,0.0019429463649080561
204296,-0.0019310101818974723
187247,0.001838921590473271
234979,-0.0016348097305384363
203537,0.0013222037365940003
193007,-0.0012046913908646288
110763,0.0011829322100512572
103589,-0.00031185919810385195
221266,-4.282838245871992e-05
154598,1.679169969954698e-05
