105982,0.010417911348256571
186433,0.008755458276822696
107457,-0.008699075163086241
216357,-0.008481377980318951
168498,0.00797827451049097
213145,-0.007974279985829934
192006,-0.007699389656103394
156497,-0.007496354512137911
712587,-0.0074154857699838365
125981,0.0073946104463904075
229944,-0.00735894180267983
192905,0.007351851567256937
115418,-0.007349567422852
137563,0.007340728320024308
134910,-0.007161107735123126
157702,0.00711859321535809
203664,0.007104424399376648
107385,0.007001156593881878
147346,-0.006961270541545529
180577,0.006936020552433512
710141,0.006798351202622465
221030,-0.006746930232301415
185593,0.006744305520858701
106478,-0.006659840125828941
228421,-0.006562029197479044
235219,-0.006529956925532211
196441,-0.0064814461043838124
149070,0.00644083564823125
203708,0.006424324653846986
243149,-0.006405575409882507
120173,0.006387112089297478
466085,0.006342985571511825
180804,0.006326743017864927
135425,0.006278226680006486
182204,0.0061986714766334525
162796,0.0061739970031214515
233218,-0.00612732224246325
187446,-0.006057578469690594
124803,-0.006006812832662585
120662,0.005997638236656653
126367,0.005975436016435082
105079,0.005946934942722114
122713,0.005929429420406632
161035,-0.0058915254795538375
173605,0.005891228809473073
213386,0.005831426722511122
104772,0.005779512791019277
210420,-0.005747539101163084
229592,0.005739639318251848
151002,-0.005694640513310601
